1, 0.280000
16001, 43.640000
32001, 59.880000
48001, 40.760000
64001, 52.440000
80001, 42.320000
96001, 51.040000
112001, 44.480000
128001, 50.560000
144001, 42.840000
160001, 50.280000
176001, 42.560000
192001, 47.960000
208001, 40.520000
224001, 47.640000
240001, 41.840000
256001, 77.520000
272001, 40.920000
288001, 52.120000
304001, 42.680000
320001, 49.200000
336001, 40.000000
352001, 53.480000
368001, 40.280000
384001, 76.000000
400001, 42.400000
416001, 52.960000
432001, 40.360000
448001, 50.560000
464001, 42.400000
480001, 47.840000
496001, 40.480000
512001, 70.400000
528001, 42.120000
544001, 51.520000
560001, 40.280000
576001, 48.920000
592001, 42.600000
608001, 49.520000
624001, 40.360000
640001, 74.680000
656001, 41.760000
672001, 50.320000
688001, 40.640000
704001, 49.880000
720001, 63.640000
736001, 50.120000
752001, 40.120000
768001, 69.600000
784001, 52.600000
800001, 53.360000
816001, 51.480000
832001, 58.920000
848001, 75.520000
864001, 63.120000
880001, 51.280000
896001, 76.520000
912001, 51.520000
928001, 70.040000
944001, 48.680000
960001, 56.920000
976001, 168.320000
992001, 58.840000
1008001, 48.880000
1024001, 74.000000
1040001, 49.600000
1056001, 52.160000
1072001, 51.440000
1088001, 60.560000
1104001, 76.600000
1120001, 62.520000
1136001, 50.720000
1152001, 76.600000
1168001, 54.120000
1184001, 62.960000
1200001, 51.040000
1216001, 55.480000
1232001, 82.360000
1248001, 56.480000
1264001, 49.160000
1280001, 79.480000
1296001, 49.760000
1312001, 57.560000
1328001, 53.120000
1344001, 61.920000
1360001, 67.840000
1376001, 58.960000
1392001, 52.880000
1408001, 72.040000
1424001, 52.720000
1440001, 56.200000
1456001, 52.160000
1472001, 59.880000
1488001, 71.000000
1504001, 52.880000
1520001, 48.400000
1536001, 76.560000
1552001, 55.840000
1568001, 75.320000
1584001, 57.800000
1600001, 58.920000
1616001, 70.920000
1632001, 48.120000
1648001, 57.240000
1664001, 69.560000
1680001, 53.800000
1696001, 69.280000
1712001, 59.760000
1728001, 48.600000
1744001, 71.600000
1760001, 52.880000
1776001, 53.360000
1792001, 78.520000
1808001, 50.000000
1824001, 72.040000
1840001, 48.160000
1856001, 54.520000
1872001, 71.080000
1888001, 59.440000
1904001, 50.440000
1920001, 74.040000
1936001, 49.720000
1952001, 77.360000
1968001, 48.160000
1984001, 55.640000
2000001, 69.680000
2016001, 52.120000
2032001, 54.040000
2048001, 84.520000
2064001, 50.000000
2080001, 78.400000
2096001, 52.480000
2112001, 54.680000
2128001, 73.720000
2144001, 56.640000
2160001, 51.160000
2176001, 79.000000
2192001, 50.400000
2208001, 75.080000
2224001, 51.560000
2240001, 55.240000
2256001, 71.200000
2272001, 53.000000
2288001, 72.360000
2304001, 48.560000
2320001, 54.040000
2336001, 69.400000
2352001, 52.840000
2368001, 53.560000
2384001, 78.360000
2400001, 48.360000
2416001, 76.600000
2432001, 50.240000
2448001, 56.240000
2464001, 71.280000
2480001, 52.880000
2496001, 52.440000
2512001, 82.320000
2528001, 51.240000
2544001, 78.200000
2560001, 48.920000
2576001, 57.880000
2592001, 77.440000
2608001, 55.000000
2624001, 51.680000
2640001, 73.680000
2656001, 51.000000
2672001, 78.600000
2688001, 50.880000
2704001, 61.080000
2720001, 71.320000
2736001, 54.160000
2752001, 49.400000
2768001, 77.680000
2784001, 51.840000
2800001, 77.560000
2816001, 50.400000
2832001, 54.000000
2848001, 76.440000
2864001, 56.680000
2880001, 49.200000
2896001, 81.680000
2912001, 53.160000
2928001, 77.760000
2944001, 52.880000
2960001, 58.880000
2976001, 70.840000
2992001, 52.480000
3008001, 72.440000
3024001, 53.720000
3040001, 54.320000
3056001, 75.480000
3072001, 50.400000
3088001, 57.640000
3104001, 75.720000
3120001, 59.480000
3136001, 70.080000
3152001, 59.040000
3168001, 64.840000
3184001, 76.440000
3200001, 50.960000
3216001, 55.640000
3232001, 71.680000
3248001, 55.000000
3264001, 75.440000
3280001, 55.080000
3296001, 51.800000
3312001, 78.320000
3328001, 50.320000
3344001, 56.760000
3360001, 77.040000
3376001, 59.920000
3392001, 73.840000
3408001, 52.680000
3424001, 52.120000
3440001, 79.640000
3456001, 54.280000
3472001, 60.040000
3488001, 69.160000
3504001, 64.600000
3520001, 69.800000
3536001, 54.000000
3552001, 51.320000
3568001, 78.080000
3584001, 53.880000
3600001, 53.880000
3616001, 72.640000
3632001, 55.320000
3648001, 80.440000
3664001, 55.520000
3680001, 52.840000
3696001, 78.680000
3712001, 50.120000
3728001, 79.000000
3744001, 50.400000
3760001, 55.280000
3776001, 70.960000
3792001, 51.840000
3808001, 53.400000
3824001, 69.760000
3840001, 53.240000
3856001, 76.440000
3872001, 52.440000
3888001, 53.200000
3904001, 82.400000
3920001, 52.080000
3936001, 57.160000
3952001, 70.680000
3968001, 58.960000
3984001, 70.040000
4000001, 52.520000
4016001, 49.280000
4032001, 79.360000
4048001, 51.920000
4064001, 57.000000
4080001, 75.840000
4096001, 56.640000
4112001, 71.800000
4128001, 52.800000
4144001, 49.680000
4160001, 71.560000
4176001, 52.360000
4192001, 55.000000
4208001, 73.800000
4224001, 53.840000
4240001, 69.080000
4256001, 52.320000
4272001, 52.960000
4288001, 76.440000
4304001, 51.040000
4320001, 53.600000
4336001, 71.720000
4352001, 54.600000
4368001, 76.760000
4384001, 55.720000
4400001, 56.520000
4416001, 73.120000
4432001, 50.360000
4448001, 59.200000
4464001, 69.440000
4480001, 58.520000
4496001, 78.840000
4512001, 50.960000
4528001, 52.520000
4544001, 76.600000
4560001, 53.880000
4576001, 74.360000
4592001, 55.880000
4608001, 52.160000
4624001, 77.400000
4640001, 52.840000
4656001, 51.960000
4672001, 76.200000
4688001, 62.200000
4704001, 77.880000
4720001, 54.160000
4736001, 57.520000
4752001, 78.400000
4768001, 50.840000
4784001, 51.080000
4800001, 69.160000
4816001, 49.680000
4832001, 70.600000
4848001, 50.080000
4864001, 50.840000
4880001, 77.880000
4896001, 49.840000
4912001, 57.400000
4928001, 70.040000
4944001, 56.560000
4960001, 72.960000
4976001, 68.640000
4992001, 52.040000
5008001, 82.640000
5024001, 51.800000
5040001, 52.800000
5056001, 73.320000
5072001, 58.880000
5088001, 69.960000
5104001, 52.720000
5120001, 51.200000
5136001, 80.800000
5152001, 50.760000
5168001, 55.120000
5184001, 72.400000
5200001, 48.560000
5216001, 76.960000
5232001, 59.320000
5248001, 54.800000
5264001, 74.560000
5280001, 54.360000
5296001, 70.200000
5312001, 55.000000
5328001, 57.200000
5344001, 72.560000
5360001, 57.320000
5376001, 51.880000
5392001, 81.600000
5408001, 50.800000
5424001, 93.600000
5440001, 51.720000
5456001, 56.880000
5472001, 71.040000
5488001, 54.960000
5504001, 51.480000
5520001, 77.240000
5536001, 56.280000
5552001, 78.680000
5568001, 50.120000
5584001, 56.120000
5600001, 71.760000
5616001, 52.880000
5632001, 51.200000
5648001, 78.280000
5664001, 52.960000
5680001, 77.840000
5696001, 48.640000
5712001, 53.600000
5728001, 71.400000
5744001, 55.160000
5760001, 54.240000
5776001, 75.560000
5792001, 50.360000
5808001, 82.800000
5824001, 50.240000
5840001, 53.840000
5856001, 73.040000
5872001, 57.320000
5888001, 52.120000
5904001, 74.560000
5920001, 50.960000
5936001, 75.520000
5952001, 55.960000
5968001, 60.400000
5984001, 68.720000
6000001, 59.720000
6016001, 71.080000
6032001, 55.160000
6048001, 49.600000
6064001, 87.120000
6080001, 49.400000
6096001, 56.480000
6112001, 80.440000
6128001, 58.960000
6144001, 73.960000
6160001, 53.160000
6176001, 53.680000
6192001, 78.120000
6208001, 56.840000
6224001, 62.000000
6240001, 76.480000
6256001, 58.760000
6272001, 73.640000
6288001, 62.840000
6304001, 53.160000
6320001, 74.280000
6336001, 55.520000
6352001, 62.680000
6368001, 70.040000
6384001, 56.640000
6400001, 73.240000
6416001, 55.120000
6432001, 51.040000
6448001, 74.960000
6464001, 49.360000
6480001, 56.880000
6496001, 69.600000
6512001, 53.040000
6528001, 71.000000
6544001, 60.160000
6560001, 49.800000
6576001, 74.760000
6592001, 50.440000
6608001, 59.000000
6624001, 70.280000
6640001, 52.520000
6656001, 74.880000
6672001, 53.960000
6688001, 48.640000
6704001, 80.920000
6720001, 50.720000
6736001, 77.200000
6752001, 49.240000
6768001, 52.720000
6784001, 69.200000
6800001, 52.440000
6816001, 50.800000
6832001, 77.840000
6848001, 57.280000
6864001, 73.680000
6880001, 48.640000
6896001, 53.760000
6912001, 76.520000
6928001, 50.000000
6944001, 53.000000
6960001, 72.800000
6976001, 57.960000
6992001, 77.240000
7008001, 57.680000
7024001, 50.240000
7040001, 74.120000
7056001, 50.040000
7072001, 58.800000
7088001, 76.520000
7104001, 53.440000
7120001, 73.040000
7136001, 52.560000
7152001, 50.880000
7168001, 73.680000
7184001, 52.640000
7200001, 57.400000
7216001, 69.720000
7232001, 60.880000
7248001, 71.240000
7264001, 63.080000
7280001, 53.560000
7296001, 75.440000
7312001, 51.160000
7328001, 54.880000
7344001, 67.720000
7360001, 55.720000
7376001, 69.560000
7392001, 53.960000
7408001, 49.440000
7424001, 73.320000
7440001, 61.320000
7456001, 56.000000
7472001, 68.560000
7488001, 51.040000
7504001, 72.280000
7520001, 61.120000
7536001, 49.280000
7552001, 89.560000
7568001, 48.680000
7584001, 75.200000
7600001, 51.120000
7616001, 56.200000
7632001, 82.320000
7648001, 58.440000
7664001, 62.720000
7680001, 73.440000
7696001, 60.280000
7712001, 88.160000
7728001, 55.200000
7744001, 57.880000
7760001, 75.480000
7776001, 54.240000
7792001, 60.400000
7808001, 79.280000
7824001, 55.200000
7840001, 73.080000
7856001, 55.160000
7872001, 52.920000
7888001, 79.720000
7904001, 59.120000
7920001, 66.800000
7936001, 71.240000
7952001, 54.480000
7968001, 69.720000
7984001, 50.480000
8000001, 50.400000
8016001, 73.280000
8032001, 50.680000
8048001, 51.920000
8064001, 72.920000
8080001, 55.520000
8096001, 74.040000
8112001, 48.520000
8128001, 51.760000
8144001, 77.160000
8160001, 50.800000
8176001, 62.280000
8192001, 70.200000
8208001, 54.040000
8224001, 69.600000
8240001, 57.080000
8256001, 51.160000
8272001, 72.160000
8288001, 49.720000
8304001, 78.520000
8320001, 50.560000
8336001, 55.840000
8352001, 74.760000
8368001, 68.480000
8384001, 54.360000
8400001, 74.560000
8416001, 57.120000
8432001, 74.560000
8448001, 55.240000
8464001, 53.960000
8480001, 70.160000
8496001, 53.280000
8512001, 50.880000
8528001, 76.560000
8544001, 50.080000
8560001, 83.920000
8576001, 52.600000
8592001, 52.600000
8608001, 70.000000
8624001, 53.480000
8640001, 51.120000
8656001, 86.000000
8672001, 47.640000
8688001, 75.840000
8704001, 51.960000
8720001, 52.280000
8736001, 73.520000
8752001, 55.640000
8768001, 48.640000
8784001, 71.680000
8800001, 53.160000
8816001, 74.560000
8832001, 50.440000
8848001, 60.280000
8864001, 73.120000
8880001, 53.160000
8896001, 51.280000
8912001, 76.480000
8928001, 49.800000
8944001, 76.680000
8960001, 51.720000
8976001, 52.960000
8992001, 72.280000
9008001, 57.000000
9024001, 76.680000
9040001, 53.760000
9056001, 50.160000
9072001, 84.320000
9088001, 47.880000
9104001, 54.760000
9120001, 70.920000
9136001, 57.840000
9152001, 75.200000
9168001, 57.240000
9184001, 56.320000
9200001, 75.840000
9216001, 50.760000
9232001, 49.080000
9248001, 73.880000
9264001, 55.840000
9280001, 76.440000
9296001, 56.960000
9312001, 54.640000
9328001, 75.480000
9344001, 61.120000
9360001, 54.360000
9376001, 75.400000
9392001, 59.400000
9408001, 77.480000
9424001, 53.920000
9440001, 52.600000
9456001, 76.480000
9472001, 57.760000
9488001, 56.880000
9504001, 94.080000
9520001, 54.400000
9536001, 73.520000
9552001, 52.600000
9568001, 50.040000
9584001, 80.600000
9600001, 53.000000
9616001, 59.600000
9632001, 72.480000
9648001, 57.280000
9664001, 72.960000
9680001, 53.000000
9696001, 52.920000
9712001, 76.800000
9728001, 53.280000
9744001, 76.040000
9760001, 52.520000
9776001, 53.840000
9792001, 70.480000
9808001, 60.520000
9824001, 50.960000
9840001, 76.560000
9856001, 53.200000
9872001, 84.280000
9888001, 53.360000
9904001, 51.520000
9920001, 74.160000
9936001, 50.000000
9952001, 55.080000
9968001, 71.760000
9984001, 52.280000
10000001, 72.280000
10016001, 55.520000
10032001, 50.000000
10048001, 73.840000
10064001, 52.320000
10080001, 50.960000
10096001, 76.480000
10112001, 57.760000
10128001, 69.960000
10144001, 53.880000
10160001, 66.440000
10176001, 80.280000
10192001, 56.160000
10208001, 53.800000
10224001, 69.600000
10240001, 57.800000
10256001, 72.720000
10272001, 53.360000
10288001, 54.560000
10304001, 73.240000
10320001, 51.600000
10336001, 60.000000
10352001, 71.960000
10368001, 54.360000
10384001, 73.160000
10400001, 56.040000
10416001, 50.680000
10432001, 73.320000
10448001, 49.000000
10464001, 53.520000
10480001, 73.800000
10496001, 57.120000
10512001, 70.560000
10528001, 54.000000
10544001, 50.880000
10560001, 76.160000
10576001, 51.120000
10592001, 77.760000
10608001, 55.000000
10624001, 60.200000
10640001, 71.160000
10656001, 58.080000
10672001, 55.480000
10688001, 74.800000
10704001, 57.240000
10720001, 74.720000
10736001, 61.240000
10752001, 52.760000
10768001, 71.280000
10784001, 56.840000
10800001, 52.800000
10816001, 78.440000
10832001, 52.640000
10848001, 79.480000
10864001, 52.680000
10880001, 51.880000
10896001, 74.520000
10912001, 58.920000
10928001, 56.720000
10944001, 71.360000
10960001, 52.400000
10976001, 72.120000
10992001, 53.800000
11008001, 53.840000
11024001, 74.240000
11040001, 58.880000
11056001, 59.400000
11072001, 74.040000
11088001, 60.920000
11104001, 79.000000
11120001, 52.680000
11136001, 54.360000
11152001, 70.920000
11168001, 52.800000
11184001, 49.520000
11200001, 72.960000
11216001, 48.920000
11232001, 72.320000
11248001, 49.920000
11264001, 53.240000
11280001, 72.000000
11296001, 51.240000
11312001, 70.360000
11328001, 55.360000
11344001, 51.160000
11360001, 69.520000
11376001, 57.640000
11392001, 51.480000
11408001, 75.000000
11424001, 48.280000
11440001, 83.040000
11456001, 48.080000
11472001, 60.960000
11488001, 69.120000
11504001, 57.320000
11520001, 54.240000
11536001, 87.800000
11552001, 52.160000
11568001, 76.400000
11584001, 53.000000
11600001, 56.960000
11616001, 69.720000
11632001, 56.000000
11648001, 51.400000
11664001, 79.560000
11680001, 50.760000
11696001, 77.840000
11712001, 53.880000
11728001, 60.840000
11744001, 71.600000
11760001, 54.080000
11776001, 53.120000
11792001, 76.120000
11808001, 47.880000
11824001, 79.040000
11840001, 60.600000
11856001, 59.400000
11872001, 67.880000
11888001, 59.200000
11904001, 50.040000
11920001, 74.520000
11936001, 50.480000
11952001, 73.760000
11968001, 51.520000
11984001, 53.640000
12000001, 75.080000
12016001, 58.800000
12032001, 71.920000
12048001, 62.200000
12064001, 52.480000
12080001, 72.400000
12096001, 52.200000
12112001, 56.040000
12128001, 71.280000
12144001, 52.800000
12160001, 68.720000
12176001, 56.920000
12192001, 57.200000
12208001, 77.120000
12224001, 58.360000
12240001, 54.080000
12256001, 85.360000
12272001, 58.240000
12288001, 80.520000
12304001, 51.200000
12320001, 51.800000
12336001, 71.680000
12352001, 53.840000
12368001, 53.000000
12384001, 79.480000
12400001, 48.640000
12416001, 78.240000
12432001, 49.400000
12448001, 55.240000
12464001, 80.840000
12480001, 55.800000
12496001, 56.440000
12512001, 71.920000
12528001, 54.400000
12544001, 74.360000
12560001, 54.400000
12576001, 52.560000
12592001, 80.640000
12608001, 53.120000
12624001, 53.360000
12640001, 75.520000
12656001, 57.680000
12672001, 81.320000
12688001, 63.480000
12704001, 57.080000
12720001, 77.440000
12736001, 50.160000
12752001, 80.600000
12768001, 49.440000
12784001, 55.320000
12800001, 76.320000
12816001, 52.040000
12832001, 51.240000
12848001, 75.400000
12864001, 50.880000
12880001, 82.400000
12896001, 51.280000
12912001, 58.240000
12928001, 69.880000
12944001, 52.560000
12960001, 49.280000
12976001, 75.600000
12992001, 48.800000
13008001, 72.720000
13024001, 51.960000
13040001, 51.840000
13056001, 72.080000
13072001, 51.880000
13088001, 53.760000
13104001, 74.600000
13120001, 55.880000
13136001, 70.800000
13152001, 54.160000
13168001, 50.440000
13184001, 74.080000
13200001, 54.160000
13216001, 61.800000
13232001, 69.400000
13248001, 53.240000
13264001, 72.120000
13280001, 54.560000
13296001, 52.080000
13312001, 74.400000
13328001, 52.760000
13344001, 54.000000
13360001, 72.640000
13376001, 51.400000
13392001, 71.880000
13408001, 53.880000
13424001, 51.840000
13440001, 70.560000
13456001, 52.000000
13472001, 57.320000
13488001, 75.200000
13504001, 52.600000
13520001, 68.560000
13536001, 50.120000
13552001, 49.520000
13568001, 74.320000
13584001, 50.360000
13600001, 71.560000
13616001, 52.480000
13632001, 53.840000
13648001, 73.480000
13664001, 55.840000
13680001, 53.040000
13696001, 71.320000
13712001, 63.040000
13728001, 73.160000
13744001, 54.920000
13760001, 52.160000
13776001, 74.880000
13792001, 55.280000
13808001, 56.040000
13824001, 71.880000
13840001, 56.560000
13856001, 75.760000
13872001, 54.840000
13888001, 54.880000
13904001, 74.000000
13920001, 51.280000
13936001, 51.560000
13952001, 78.200000
13968001, 50.400000
13984001, 72.880000
14000001, 52.440000
14016001, 52.480000
14032001, 71.000000
14048001, 56.040000
14064001, 51.840000
14080001, 74.800000
14096001, 58.240000
14112001, 75.040000
14128001, 54.160000
14144001, 57.160000
14160001, 81.520000
14176001, 53.040000
14192001, 54.880000
14208001, 72.640000
14224001, 60.680000
14240001, 73.280000
14256001, 61.080000
14272001, 52.280000
14288001, 71.840000
14304001, 53.400000
14320001, 77.720000
14336001, 55.320000
14352001, 51.240000
14368001, 79.360000
14384001, 50.800000
14400001, 51.120000
14416001, 70.960000
14432001, 50.160000
14448001, 68.720000
14464001, 49.360000
14480001, 51.520000
14496001, 73.640000
14512001, 52.120000
14528001, 50.040000
14544001, 74.880000
14560001, 51.600000
14576001, 72.920000
14592001, 53.280000
14608001, 49.280000
14624001, 70.400000
14640001, 56.000000
14656001, 51.280000
14672001, 78.000000
14688001, 50.320000
14704001, 79.680000
14720001, 52.240000
14736001, 56.600000
14752001, 72.920000
14768001, 56.400000
14784001, 53.800000
14800001, 73.720000
14816001, 51.440000
14832001, 79.960000
14848001, 49.560000
14864001, 58.600000
14880001, 70.720000
14896001, 54.680000
14912001, 52.320000
14928001, 76.600000
14944001, 48.880000
14960001, 74.200000
14976001, 55.760000
14992001, 58.480000
15008001, 68.480000
15024001, 58.520000
15040001, 69.080000
15056001, 56.360000
15072001, 53.040000
15088001, 80.120000
15104001, 48.200000
15120001, 61.840000
15136001, 72.480000
15152001, 56.360000
15168001, 70.840000
15184001, 53.720000
15200001, 51.960000
15216001, 75.840000
15232001, 59.000000
15248001, 53.160000
15264001, 73.520000
15280001, 53.880000
15296001, 80.160000
15312001, 51.400000
15328001, 58.560000
15344001, 68.520000
15360001, 53.960000
15376001, 49.400000
15392001, 76.400000
15408001, 50.320000
15424001, 78.840000
15440001, 53.080000
15456001, 55.640000
15472001, 73.280000
15488001, 52.520000
15504001, 49.680000
15520001, 73.080000
15536001, 55.640000
15552001, 73.960000
15568001, 59.840000
15584001, 56.520000
15600001, 77.440000
15616001, 52.760000
15632001, 54.120000
15648001, 78.880000
15664001, 54.480000
15680001, 75.440000
15696001, 56.920000
15712001, 54.600000
15728001, 85.120000
15744001, 53.880000
15760001, 79.920000
15776001, 58.240000
15792001, 55.280000
15808001, 70.960000
15824001, 54.440000
15840001, 61.200000
15856001, 75.880000
15872001, 52.040000
15888001, 75.920000
15904001, 53.640000
15920001, 53.680000
15936001, 72.360000
15952001, 61.440000
15968001, 53.280000
15984001, 79.520000
16000001, 48.640000
16016001, 78.040000
16032001, 51.240000
16048001, 48.520000
16064001, 70.520000
16080001, 50.680000
16096001, 50.040000
16112001, 68.440000
16128001, 49.520000
16144001, 72.640000
16160001, 48.120000
16176001, 49.800000
16192001, 70.800000
16208001, 54.480000
16224001, 49.680000
16240001, 74.040000
16256001, 54.920000
16272001, 71.720000
16288001, 57.280000
16304001, 51.120000
16320001, 77.280000
16336001, 49.880000
16352001, 52.360000
16368001, 73.800000
16384001, 59.040000
16400001, 72.560000
16416001, 53.840000
16432001, 52.200000
16448001, 76.520000
16464001, 50.240000
16480001, 59.520000
16496001, 71.600000
16512001, 57.960000
16528001, 73.680000
16544001, 52.440000
16560001, 49.720000
16576001, 73.680000
16592001, 51.200000
16608001, 81.160000
16624001, 48.800000
16640001, 53.040000
16656001, 76.200000
16672001, 54.600000
16688001, 50.600000
16704001, 73.240000
16720001, 51.080000
16736001, 77.800000
16752001, 51.520000
16768001, 49.120000
